3.703918457031250000e-01 -1.685023307800292969e-03 -2.617225646972656250e-01 -5.390472412109375000e-01 -9.601806640625000000e+00 -5.898848176002502441e-04 -9.600448608398437500e-02 -2.324908971786499023e-03 3.927834331989288330e-04 -5.760788917541503906e-03 9.817004203796386719e-03 -7.618904113769531250e-02 2.129107713699340820e-03 1.825228333473205566e-03 4.347622394561767578e-03 -1.461172103881835938e-02 1.434516161680221558e-04 -1.906435936689376831e-04 -1.178050041198730469e-02 -2.984672784805297852e-03 -2.000379562377929688e-02
-1.685023307800292969e-03 8.873901367187500000e+00 1.302886962890625000e+00 1.127136230468750000e+00 2.566558837890625000e+00 -1.660394668579101562e-02 2.566719055175781250e-02 2.296596765518188477e-03 1.134645938873291016e-02 -3.647089004516601562e-03 -9.453773498535156250e-03 1.244544982910156250e-02 -8.540344238281250000e-02 8.379444479942321777e-04 -1.114234328269958496e-03 9.874463081359863281e-03 -9.687989950180053711e-04 -7.171511650085449219e-03 2.875059843063354492e-03 -1.636147499084472656e-03 8.908033370971679688e-03
-2.617225646972656250e-01 1.302886962890625000e+00 1.402949218750000000e+02 5.268994140625000000e+01 8.847412109375000000e+00 2.504180908203125000e+00 8.846473693847656250e-02 -2.160148620605468750e-01 -2.340555191040039062e-02 -8.630943298339843750e-02 -8.554649353027343750e-02 6.846714019775390625e-02 5.377650260925292969e-03 -4.417266845703125000e-01 -1.119384765625000000e-01 -6.218254566192626953e-03 1.844596862792968750e-02 -1.050078868865966797e-02 4.697895050048828125e-02 8.207702636718750000e-02 9.930706024169921875e-02
-5.390472412109375000e-01 1.127136230468750000e+00 5.268994140625000000e+01 1.680117187500000000e+02 1.869677734375000000e+01 -2.460113525390625000e+00 1.869773864746093750e-01 3.311271667480468750e-01 -5.455446243286132812e-02 -7.694625854492187500e-02 -1.746311187744140625e-01 1.466464996337890625e-01 -6.432473659515380859e-03 -1.006851196289062500e-01 -6.747360229492187500e-01 -4.139184951782226562e-02 -9.442806243896484375e-03 5.141162872314453125e-02 7.382011413574218750e-02 8.932018280029296875e-02 1.874523162841796875e-01
-9.601806640625000000e+00 2.566558837890625000e+00 8.847412109375000000e+00 1.869677734375000000e+01 1.801812500000000000e+03 -2.149887084960937500e-01 1.801416015625000000e+01 1.450634002685546875e-01 -1.252174377441406250e-02 1.007064819335937500e+00 -1.367721557617187500e+00 8.759155273437500000e+00 -1.403675079345703125e-01 -2.296009063720703125e-01 -4.909248352050781250e-01 2.951965332031250000e+00 4.063224792480468750e-02 6.416320800781250000e-02 1.612777709960937500e+00 5.269241333007812500e-01 2.596038818359375000e+00
-5.898848176002502441e-04 -1.660394668579101562e-02 2.504180908203125000e+00 -2.460113525390625000e+00 -2.149887084960937500e-01 1.000000000000000000e+00 -2.149879932403564453e-03 -7.823276519775390625e-02 3.579109907150268555e-03 1.922652125358581543e-03 4.517495632171630859e-03 -1.895040273666381836e-03 3.203488886356353760e-04 -4.694104194641113281e-03 7.999539375305175781e-03 1.582428812980651855e-03 -5.085468292236328125e-04 -1.318410038948059082e-03 -1.875594258308410645e-03 -1.859202980995178223e-03 -4.219830036163330078e-03
-9.600448608398437500e-02 2.566719055175781250e-02 8.846473693847656250e-02 1.869773864746093750e-01 1.801416015625000000e+01 -2.149879932403564453e-03 1.801414489746093750e-01 1.451030373573303223e-03 -1.249331980943679810e-04 1.006841659545898438e-02 -1.367759704589843750e-02 8.759403228759765625e-02 -1.403599977493286133e-03 -2.296179533004760742e-03 -4.909634590148925781e-03 2.952575683593750000e-02 4.062540829181671143e-04 6.416290998458862305e-04 1.612663269042968750e-02 5.269408226013183594e-03 2.595853805541992188e-02
-2.324908971786499023e-03 2.296596765518188477e-03 -2.160148620605468750e-01 3.311271667480468750e-01 1.450634002685546875e-01 -7.823276519775390625e-02 1.451030373573303223e-03 8.759498596191406250e-02 -1.403585076332092285e-03 -2.296179533004760742e-03 -4.909694194793701172e-03 1.503974199295043945e-03 5.619740113615989685e-05 5.983173847198486328e-03 -7.891893386840820312e-03 -7.763355970382690430e-04 5.548680201172828674e-05 1.112103462219238281e-03 1.966714859008789062e-03 1.795321702957153320e-03 4.045784473419189453e-03
3.927834331989288330e-04 1.134645938873291016e-02 -2.340555191040039062e-02 -5.455446243286132812e-02 -1.252174377441406250e-02 3.579109907150268555e-03 -1.249331980943679810e-04 -1.403585076332092285e-03 2.952575683593750000e-02 4.062429070472717285e-04 6.416290998458862305e-04 5.619134753942489624e-05 -7.763355970382690430e-04 5.549285560846328735e-05 1.112073659896850586e-03 2.036113291978836060e-04 2.572864294052124023e-03 -3.395587205886840820e-03 -4.033781588077545166e-04 -6.473390385508537292e-06 -1.379456371068954468e-04
-5.760788917541503906e-03 -3.647089004516601562e-03 -8.630943298339843750e-02 -7.694625854492187500e-02 1.007064819335937500e+00 1.922652125358581543e-03 1.006841659545898438e-02 -2.296179533004760742e-03 4.062429070472717285e-04 1.612663269042968750e-02 5.269408226013183594e-03 5.983173847198486328e-03 5.548680201172828674e-05 1.966685056686401367e-03 1.795321702957153320e-03 2.572834491729736328e-03 -4.033781588077545166e-04 -6.474729161709547043e-06 -1.349649392068386078e-05 -3.540754318237304688e-03 -3.692001104354858398e-03
9.817004203796386719e-03 -9.453773498535156250e-03 -8.554649353027343750e-02 -1.746311187744140625e-01 -1.367721557617187500e+00 4.517495632171630859e-03 -1.367759704589843750e-02 -4.909694194793701172e-03 6.416290998458862305e-04 5.269408226013183594e-03 2.595853805541992188e-02 -7.892012596130371094e-03 1.112073659896850586e-03 1.795321702957153320e-03 4.045784473419189453e-03 -3.395617008209228516e-03 -6.473041139543056488e-06 -1.379363238811492920e-04 -3.540784120559692383e-03 -3.692001104354858398e-03 -8.549332618713378906e-03
-7.618904113769531250e-02 1.244544982910156250e-02 6.846714019775390625e-02 1.466464996337890625e-01 8.759155273437500000e+00 -1.895040273666381836e-03 8.759403228759765625e-02 1.503974199295043945e-03 5.619134753942489624e-05 5.983173847198486328e-03 -7.892012596130371094e-03 6.236886978149414062e-02 -1.015082001686096191e-03 -1.512110233306884766e-03 -3.257215023040771484e-03 1.385402679443359375e-02 5.154684185981750488e-05 3.170482814311981201e-04 9.726643562316894531e-03 2.381652593612670898e-03 1.578426361083984375e-02
2.129107713699340820e-03 -8.540344238281250000e-02 5.377650260925292969e-03 -6.432473659515380859e-03 -1.403675079345703125e-01 3.203488886356353760e-04 -1.403599977493286133e-03 5.619740113615989685e-05 -7.763355970382690430e-04 5.548680201172828674e-05 1.112073659896850586e-03 -1.015082001686096191e-03 1.385402679443359375e-02 5.156686529517173767e-05 3.170371055603027344e-04 -4.148967564105987549e-04 -2.457015216350555420e-04 3.054067492485046387e-04 -2.442970871925354004e-04 2.655573189258575439e-04 -9.572431445121765137e-04
1.825228333473205566e-03 8.379444479942321777e-04 -4.417266845703125000e-01 -1.006851196289062500e-01 -2.296009063720703125e-01 -4.694104194641113281e-03 -2.296179533004760742e-03 5.983173847198486328e-03 5.549285560846328735e-05 1.966685056686401367e-03 1.795321702957153320e-03 -1.512110233306884766e-03 5.156686529517173767e-05 9.726524353027343750e-03 2.381682395935058594e-03 -2.456940710544586182e-04 -2.442970871925354004e-04 2.655312418937683105e-04 -9.918212890625000000e-04 -1.725599169731140137e-03 -2.129495143890380859e-03
4.347622394561767578e-03 -1.114234328269958496e-03 -1.119384765625000000e-01 -6.747360229492187500e-01 -4.909248352050781250e-01 7.999539375305175781e-03 -4.909634590148925781e-03 -7.891893386840820312e-03 1.112073659896850586e-03 1.795321702957153320e-03 4.045784473419189453e-03 -3.257215023040771484e-03 3.170371055603027344e-04 2.381682395935058594e-03 1.578426361083984375e-02 3.054141998291015625e-04 2.655498683452606201e-04 -9.572505950927734375e-04 -1.725599169731140137e-03 -2.129465341567993164e-03 -4.472672939300537109e-03
-1.461172103881835938e-02 9.874463081359863281e-03 -6.218254566192626953e-03 -4.139184951782226562e-02 2.951965332031250000e+00 1.582428812980651855e-03 2.952575683593750000e-02 -7.763355970382690430e-04 2.036113291978836060e-04 2.572834491729736328e-03 -3.395617008209228516e-03 1.385402679443359375e-02 -4.148967564105987549e-04 -2.456940710544586182e-04 3.054141998291015625e-04 1.314425468444824219e-02 6.768759340047836304e-05 3.077164292335510254e-04 3.984332084655761719e-03 7.417947053909301758e-04 5.845367908477783203e-03
1.434516161680221558e-04 -9.687989950180053711e-04 1.844596862792968750e-02 -9.442806243896484375e-03 4.063224792480468750e-02 -5.085468292236328125e-04 4.062540829181671143e-04 5.548680201172828674e-05 2.572864294052124023e-03 -4.033781588077545166e-04 -6.473041139543056488e-06 5.154684185981750488e-05 -2.457015216350555420e-04 -2.442970871925354004e-04 2.655498683452606201e-04 6.768759340047836304e-05 3.984332084655761719e-03 7.417872548103332520e-04 4.586614668369293213e-04 6.343945860862731934e-04 3.677010536193847656e-04
-1.906435936689376831e-04 -7.171511650085449219e-03 -1.050078868865966797e-02 5.141162872314453125e-02 6.416320800781250000e-02 -1.318410038948059082e-03 6.416290998458862305e-04 1.112103462219238281e-03 -3.395587205886840820e-03 -6.474729161709547043e-06 -1.379363238811492920e-04 3.170482814311981201e-04 3.054067492485046387e-04 2.655312418937683105e-04 -9.572505950927734375e-04 3.077164292335510254e-04 7.417872548103332520e-04 5.845367908477783203e-03 6.343796849250793457e-04 3.676861524581909180e-04 -8.614268153905868530e-05
-1.178050041198730469e-02 2.875059843063354492e-03 4.697895050048828125e-02 7.382011413574218750e-02 1.612777709960937500e+00 -1.875594258308410645e-03 1.612663269042968750e-02 1.966714859008789062e-03 -4.033781588077545166e-04 -1.349649392068386078e-05 -3.540784120559692383e-03 9.726643562316894531e-03 -2.442970871925354004e-04 -9.918212890625000000e-04 -1.725599169731140137e-03 3.984332084655761719e-03 4.586614668369293213e-04 6.343796849250793457e-04 3.749996423721313477e-03 2.332001924514770508e-03 4.273653030395507812e-03
-2.984672784805297852e-03 -1.636147499084472656e-03 8.207702636718750000e-02 8.932018280029296875e-02 5.269241333007812500e-01 -1.859202980995178223e-03 5.269408226013183594e-03 1.795321702957153320e-03 -6.473390385508537292e-06 -3.540754318237304688e-03 -3.692001104354858398e-03 2.381652593612670898e-03 2.655573189258575439e-04 -1.725599169731140137e-03 -2.129465341567993164e-03 7.417947053909301758e-04 6.343945860862731934e-04 3.676861524581909180e-04 2.332001924514770508e-03 4.273593425750732422e-03 4.854440689086914062e-03
-2.000379562377929688e-02 8.908033370971679688e-03 9.930706024169921875e-02 1.874523162841796875e-01 2.596038818359375000e+00 -4.219830036163330078e-03 2.595853805541992188e-02 4.045784473419189453e-03 -1.379456371068954468e-04 -3.692001104354858398e-03 -8.549332618713378906e-03 1.578426361083984375e-02 -9.572431445121765137e-04 -2.129495143890380859e-03 -4.472672939300537109e-03 5.845367908477783203e-03 3.677010536193847656e-04 -8.614268153905868530e-05 4.273653030395507812e-03 4.854440689086914062e-03 1.348197460174560547e-02
