2.425880432128906250e-01 1.744842529296875000e-02 4.989814758300781250e-01 -1.425495147705078125e-01 -1.250030517578125000e+00 1.838607788085937500e-01 -1.249897480010986328e-02 2.125315368175506592e-04 2.246466465294361115e-05 -7.769644260406494141e-03 -1.193746924400329590e-03 -1.226449012756347656e-02 7.216036319732666016e-04 7.023364305496215820e-04 2.745181322097778320e-03 -2.000242471694946289e-03 -2.073217183351516724e-05 -8.470267057418823242e-04 -5.122780799865722656e-03 -6.883516907691955566e-04 -1.853540539741516113e-03
1.744842529296875000e-02 1.036117553710937500e+00 -9.942054748535156250e-03 3.012046217918395996e-04 8.210830688476562500e-01 -4.238462448120117188e-02 8.210420608520507812e-03 6.489269435405731201e-05 1.183003187179565430e-03 5.455493927001953125e-03 1.311108469963073730e-03 2.093791961669921875e-03 -5.803406238555908203e-03 -6.007542833685874939e-05 -2.457618713378906250e-03 3.379672765731811523e-03 1.010909676551818848e-03 2.265602350234985352e-03 3.804445266723632812e-03 8.898228406906127930e-04 1.820906996726989746e-03
4.989814758300781250e-01 -9.942054748535156250e-03 1.018371582031250000e+01 7.399272918701171875e-02 6.973495483398437500e-01 3.127380371093750000e+00 6.973087787628173828e-03 -3.577327728271484375e-02 8.657097816467285156e-03 5.398213863372802734e-03 7.674932479858398438e-03 3.232836723327636719e-03 -9.528920054435729980e-05 -2.358675003051757812e-02 -3.169894218444824219e-03 1.604467630386352539e-03 6.037533283233642578e-03 1.412272453308105469e-03 3.841400146484375000e-03 4.175543785095214844e-03 4.359662532806396484e-03
-1.425495147705078125e-01 3.012046217918395996e-04 7.399272918701171875e-02 5.118774414062500000e+00 3.664672851562500000e+00 2.273154258728027344e-02 3.664588928222656250e-02 -1.426291465759277344e-02 5.398988723754882812e-03 1.991391181945800781e-02 1.889300346374511719e-02 3.279876708984375000e-02 -1.012051105499267578e-02 -8.224725723266601562e-03 -2.214527130126953125e-02 9.330153465270996094e-03 3.664463758468627930e-03 7.499039173126220703e-03 1.083493232727050781e-02 1.131236553192138672e-02 1.468992233276367188e-02
-1.250030517578125000e+00 8.210830688476562500e-01 6.973495483398437500e-01 3.664672851562500000e+00 1.119828125000000000e+03 1.349925994873046875e-01 1.121447753906250000e+01 1.781829833984375000e+00 -1.367778778076171875e-01 7.264709472656250000e+00 1.453342437744140625e-01 3.401977539062500000e+00 1.533120870590209961e-03 9.411621093750000000e-01 -3.624153137207031250e-01 1.362838745117187500e+00 2.876758575439453125e-03 7.702064514160156250e-02 4.905334472656250000e+00 8.711910247802734375e-02 4.955825805664062500e-01
1.838607788085937500e-01 -4.238462448120117188e-02 3.127380371093750000e+00 2.273154258728027344e-02 1.349925994873046875e-01 1.000000000000000000e+00 1.349925994873046875e-03 -1.201272010803222656e-02 2.720236778259277344e-03 1.455545425415039062e-03 2.947837114334106445e-03 2.040974795818328857e-04 2.155615948140621185e-05 -7.467031478881835938e-03 -1.147314906120300293e-03 3.918856382369995117e-04 1.806765794754028320e-03 4.343166947364807129e-04 1.126736402511596680e-03 1.601800322532653809e-03 1.519784331321716309e-03
-1.249897480010986328e-02 8.210420608520507812e-03 6.973087787628173828e-03 3.664588928222656250e-02 1.121447753906250000e+01 1.349925994873046875e-03 1.121444702148437500e-01 1.781797409057617188e-02 -1.367688179016113281e-03 7.265758514404296875e-02 1.453399658203125000e-03 3.401947021484375000e-02 1.536752097308635712e-05 9.412169456481933594e-03 -3.624230623245239258e-03 1.362860202789306641e-02 2.847332507371902466e-05 7.702782750129699707e-04 4.905462265014648438e-02 8.711963891983032227e-04 4.955947399139404297e-03
2.125315368175506592e-04 6.489269435405731201e-05 -3.577327728271484375e-02 -1.426291465759277344e-02 1.781829833984375000e+00 -1.201272010803222656e-02 1.781797409057617188e-02 3.401947021484375000e-02 1.538009382784366608e-05 9.412288665771484375e-03 -3.624230623245239258e-03 6.670773029327392578e-03 -2.876967191696166992e-04 2.118158340454101562e-02 1.518502831459045410e-03 2.788417041301727295e-04 -6.630364805459976196e-05 -3.049038350582122803e-04 5.080759525299072266e-03 -2.037316560745239258e-03 -1.081958413124084473e-03
2.246466465294361115e-05 1.183003187179565430e-03 8.657097816467285156e-03 5.398988723754882812e-03 -1.367778778076171875e-01 2.720236778259277344e-03 -1.367688179016113281e-03 1.538009382784366608e-05 1.362836360931396484e-02 2.849823795258998871e-05 7.702708244323730469e-04 -2.876967191696166992e-04 2.787895500659942627e-04 -6.629806011915206909e-05 -3.049150109291076660e-04 -8.680969476699829102e-04 8.418798446655273438e-03 4.421658813953399658e-04 3.792643547058105469e-04 6.395727396011352539e-04 5.530714988708496094e-04
-7.769644260406494141e-03 5.455493927001953125e-03 5.398213863372802734e-03 1.991391181945800781e-02 7.264709472656250000e+00 1.455545425415039062e-03 7.265758514404296875e-02 9.412288665771484375e-03 2.849823795258998871e-05 4.905509948730468750e-02 8.712112903594970703e-04 2.118158340454101562e-02 -6.629247218370437622e-05 5.080878734588623047e-03 -2.037316560745239258e-03 8.418917655944824219e-03 3.792829811573028564e-04 6.395727396011352539e-04 3.432083129882812500e-02 5.063787102699279785e-04 3.160268068313598633e-03
-1.193746924400329590e-03 1.311108469963073730e-03 7.674932479858398438e-03 1.889300346374511719e-02 1.453342437744140625e-01 2.947837114334106445e-03 1.453399658203125000e-03 -3.624230623245239258e-03 7.702708244323730469e-04 8.712112903594970703e-04 4.955947399139404297e-03 1.518502831459045410e-03 -3.049187362194061279e-04 -2.037316560745239258e-03 -1.081943511962890625e-03 4.421733319759368896e-04 6.395652890205383301e-04 5.530714988708496094e-04 5.063712596893310547e-04 3.160327672958374023e-03 1.258358359336853027e-03
-1.226449012756347656e-02 2.093791961669921875e-03 3.232836723327636719e-03 3.279876708984375000e-02 3.401977539062500000e+00 2.040974795818328857e-04 3.401947021484375000e-02 6.670773029327392578e-03 -2.876967191696166992e-04 2.118158340454101562e-02 1.518502831459045410e-03 2.225661277770996094e-02 -3.405436873435974121e-04 2.922087907791137695e-03 -3.381729125976562500e-03 6.048798561096191406e-03 1.308117061853408813e-04 1.254096627235412598e-03 1.391339302062988281e-02 9.391754865646362305e-04 2.741158008575439453e-03
7.216036319732666016e-04 -5.803406238555908203e-03 -9.528920054435729980e-05 -1.012051105499267578e-02 1.533120870590209961e-03 2.155615948140621185e-05 1.536752097308635712e-05 -2.876967191696166992e-04 2.787895500659942627e-04 -6.629247218370437622e-05 -3.049187362194061279e-04 -3.405436873435974121e-04 6.048798561096191406e-03 1.307819038629531860e-04 1.254096627235412598e-03 1.529045403003692627e-04 -2.763085067272186279e-04 -1.359760761260986328e-03 -1.218151301145553589e-04 -2.705939114093780518e-04 -7.876530289649963379e-04
7.023364305496215820e-04 -6.007542833685874939e-05 -2.358675003051757812e-02 -8.224725723266601562e-03 9.411621093750000000e-01 -7.467031478881835938e-03 9.412169456481933594e-03 2.118158340454101562e-02 -6.629806011915206909e-05 5.080878734588623047e-03 -2.037316560745239258e-03 2.922087907791137695e-03 1.307819038629531860e-04 1.391339302062988281e-02 9.391605854034423828e-04 -2.763122320175170898e-04 -1.218095421791076660e-04 -2.705901861190795898e-04 2.665370702743530273e-03 -1.172646880149841309e-03 -7.115751504898071289e-04
2.745181322097778320e-03 -2.457618713378906250e-03 -3.169894218444824219e-03 -2.214527130126953125e-02 -3.624153137207031250e-01 -1.147314906120300293e-03 -3.624230623245239258e-03 1.518502831459045410e-03 -3.049150109291076660e-04 -2.037316560745239258e-03 -1.081943511962890625e-03 -3.381729125976562500e-03 1.254096627235412598e-03 9.391605854034423828e-04 2.741158008575439453e-03 -1.359760761260986328e-03 -2.705864608287811279e-04 -7.876530289649963379e-04 -1.172646880149841309e-03 -7.115751504898071289e-04 -1.443579792976379395e-03
-2.000242471694946289e-03 3.379672765731811523e-03 1.604467630386352539e-03 9.330153465270996094e-03 1.362838745117187500e+00 3.918856382369995117e-04 1.362860202789306641e-02 2.788417041301727295e-04 -8.680969476699829102e-04 8.418917655944824219e-03 4.421733319759368896e-04 6.048798561096191406e-03 1.529045403003692627e-04 -2.763122320175170898e-04 -1.359760761260986328e-03 5.640566349029541016e-03 -7.451698184013366699e-05 6.761476397514343262e-04 5.638659000396728516e-03 2.404209226369857788e-04 1.361742615699768066e-03
-2.073217183351516724e-05 1.010909676551818848e-03 6.037533283233642578e-03 3.664463758468627930e-03 2.876758575439453125e-03 1.806765794754028320e-03 2.847332507371902466e-05 -6.630364805459976196e-05 8.418798446655273438e-03 3.792829811573028564e-04 6.395652890205383301e-04 1.308117061853408813e-04 -2.763085067272186279e-04 -1.218095421791076660e-04 -2.705864608287811279e-04 -7.451698184013366699e-05 5.638659000396728516e-03 2.404171973466873169e-04 3.973543643951416016e-04 4.783347249031066895e-04 3.843605518341064453e-04
-8.470267057418823242e-04 2.265602350234985352e-03 1.412272453308105469e-03 7.499039173126220703e-03 7.702064514160156250e-02 4.343166947364807129e-04 7.702782750129699707e-04 -3.049038350582122803e-04 4.421658813953399658e-04 6.395727396011352539e-04 5.530714988708496094e-04 1.254096627235412598e-03 -1.359760761260986328e-03 -2.705901861190795898e-04 -7.876530289649963379e-04 6.761476397514343262e-04 2.404171973466873169e-04 1.361742615699768066e-03 4.783347249031066895e-04 3.843605518341064453e-04 6.977766752243041992e-04
-5.122780799865722656e-03 3.804445266723632812e-03 3.841400146484375000e-03 1.083493232727050781e-02 4.905334472656250000e+00 1.126736402511596680e-03 4.905462265014648438e-02 5.080759525299072266e-03 3.792643547058105469e-04 3.432083129882812500e-02 5.063712596893310547e-04 1.391339302062988281e-02 -1.218151301145553589e-04 2.665370702743530273e-03 -1.172646880149841309e-03 5.638659000396728516e-03 3.973543643951416016e-04 4.783347249031066895e-04 2.480530738830566406e-02 2.883002161979675293e-04 2.079784870147705078e-03
-6.883516907691955566e-04 8.898228406906127930e-04 4.175543785095214844e-03 1.131236553192138672e-02 8.711910247802734375e-02 1.601800322532653809e-03 8.711963891983032227e-04 -2.037316560745239258e-03 6.395727396011352539e-04 5.063787102699279785e-04 3.160327672958374023e-03 9.391754865646362305e-04 -2.705939114093780518e-04 -1.172646880149841309e-03 -7.115751504898071289e-04 2.404209226369857788e-04 4.783347249031066895e-04 3.843605518341064453e-04 2.883002161979675293e-04 2.079755067825317383e-03 7.649585604667663574e-04
-1.853540539741516113e-03 1.820906996726989746e-03 4.359662532806396484e-03 1.468992233276367188e-02 4.955825805664062500e-01 1.519784331321716309e-03 4.955947399139404297e-03 -1.081958413124084473e-03 5.530714988708496094e-04 3.160268068313598633e-03 1.258358359336853027e-03 2.741158008575439453e-03 -7.876530289649963379e-04 -7.115751504898071289e-04 -1.443579792976379395e-03 1.361742615699768066e-03 3.843605518341064453e-04 6.977766752243041992e-04 2.079784870147705078e-03 7.649585604667663574e-04 1.392126083374023438e-03
