2.995300292968750000e-01 4.564821720123291016e-03 -5.374069213867187500e-01 1.949548721313476562e-02 -6.353454589843750000e+00 -1.246671676635742188e-01 -6.354141235351562500e-02 2.871096134185791016e-03 1.087039709091186523e-04 -4.055261611938476562e-02 -2.995193004608154297e-03 -5.134105682373046875e-02 1.817047595977783203e-03 2.018064260482788086e-03 -3.587752580642700195e-03 -9.028196334838867188e-03 1.616086810827255249e-04 -4.524178802967071533e-04 -3.132772445678710938e-02 -1.480299979448318481e-04 -8.445262908935546875e-03
4.564821720123291016e-03 5.708923339843750000e+00 -9.389419555664062500e-01 4.011535644531250000e+00 1.882354736328125000e+00 -2.723646163940429688e-02 1.882553100585937500e-02 5.597621202468872070e-04 1.925021409988403320e-03 1.058626174926757812e-02 -5.673229694366455078e-03 9.357571601867675781e-03 -4.649591445922851562e-02 8.319988846778869629e-04 -2.331167459487915039e-03 9.224176406860351562e-03 9.000301361083984375e-04 -3.259152173995971680e-03 8.029460906982421875e-03 -5.527019500732421875e-03 6.767749786376953125e-03
-5.374069213867187500e-01 -9.389419555664062500e-01 3.677968750000000000e+02 2.792211914062500000e+01 5.492492675781250000e+00 1.446862792968750000e+01 5.492067337036132812e-02 -1.452865600585937500e+00 7.362365722656250000e-02 2.651429176330566406e-02 -1.189327239990234375e-01 7.228565216064453125e-02 5.785524845123291016e-03 -1.122268676757812500e+00 -5.272388458251953125e-03 6.259143352508544922e-03 5.584955215454101562e-02 -3.844213485717773438e-02 6.088018417358398438e-03 -1.037311553955078125e-01 1.028070449829101562e-01
1.949548721313476562e-02 4.011535644531250000e+00 2.792211914062500000e+01 3.193676757812500000e+01 -5.199829101562500000e+00 1.523620605468750000e+00 -5.200767517089843750e-02 -5.835103988647460938e-02 -2.144765853881835938e-02 -6.463909149169921875e-02 7.200717926025390625e-02 -6.985378265380859375e-02 -8.811235427856445312e-03 -2.870887517929077148e-03 -1.644535064697265625e-01 -1.232099533081054688e-02 -2.089381217956542969e-02 2.558612823486328125e-02 -5.637836456298828125e-02 5.587768554687500000e-02 -5.245208740234375000e-02
-6.353454589843750000e+00 1.882354736328125000e+00 5.492492675781250000e+00 -5.199829101562500000e+00 1.549125000000000000e+03 2.849845886230468750e-01 1.551428222656250000e+01 -1.309570312500000000e+00 -3.746604919433593750e-02 6.890747070312500000e+00 9.260940551757812500e-01 6.546936035156250000e+00 -1.054210662841796875e-01 -2.954368591308593750e-01 3.111000061035156250e-01 2.337554931640625000e+00 -3.474473953247070312e-02 3.342933654785156250e-01 4.692687988281250000e+00 3.089942932128906250e-01 1.314437866210937500e+00
-1.246671676635742188e-01 -2.723646163940429688e-02 1.446862792968750000e+01 1.523620605468750000e+00 2.849845886230468750e-01 1.000000000000000000e+00 2.849847078323364258e-03 -5.366516113281250000e-02 3.087282180786132812e-03 1.295015215873718262e-03 -2.255588769912719727e-03 2.424418926239013672e-03 9.177904576063156128e-05 -3.425693511962890625e-02 -2.529293298721313477e-03 3.156326711177825928e-04 1.735970377922058105e-03 -9.304732084274291992e-04 6.255060434341430664e-04 -2.804279327392578125e-03 3.123492002487182617e-03
-6.354141235351562500e-02 1.882553100585937500e-02 5.492067337036132812e-02 -5.200767517089843750e-02 1.551428222656250000e+01 2.849847078323364258e-03 1.551418304443359375e-01 -1.309716701507568359e-02 -3.742948174476623535e-04 6.888008117675781250e-02 9.259939193725585938e-03 6.546592712402343750e-02 -1.054227352142333984e-03 -2.954334020614624023e-03 3.111064434051513672e-03 2.337718009948730469e-02 -3.476701676845550537e-04 3.343582153320312500e-03 4.693031311035156250e-02 3.091812133789062500e-03 1.314544677734375000e-02
2.871096134185791016e-03 5.597621202468872070e-04 -1.452865600585937500e+00 -5.835103988647460938e-02 -1.309570312500000000e+00 -5.366516113281250000e-02 -1.309716701507568359e-02 6.546592712402343750e-02 -1.054301857948303223e-03 -2.954363822937011719e-03 3.111064434051513672e-03 -5.170464515686035156e-03 3.080768510699272156e-05 3.819227218627929688e-02 3.196895122528076172e-03 -1.286312937736511230e-03 -7.080435752868652344e-04 6.786063313484191895e-04 -1.634970307350158691e-03 3.823935985565185547e-03 -3.602713346481323242e-03
1.087039709091186523e-04 1.925021409988403320e-03 7.362365722656250000e-02 -2.144765853881835938e-02 -3.746604919433593750e-02 3.087282180786132812e-03 -3.742948174476623535e-04 -1.054301857948303223e-03 2.337718009948730469e-02 -3.477185964584350586e-04 3.343582153320312500e-03 3.081373870372772217e-05 -1.286298036575317383e-03 -7.080212235450744629e-04 6.786435842514038086e-04 -1.075416803359985352e-03 1.579952239990234375e-02 8.078217506408691406e-04 -4.608891904354095459e-04 1.988440752029418945e-03 1.704454421997070312e-03
-4.055261611938476562e-02 1.058626174926757812e-02 2.651429176330566406e-02 -6.463909149169921875e-02 6.890747070312500000e+00 1.295015215873718262e-03 6.888008117675781250e-02 -2.954363822937011719e-03 -3.477185964584350586e-04 4.693031311035156250e-02 3.091812133789062500e-03 3.819227218627929688e-02 -7.080212235450744629e-04 -1.634955406188964844e-03 3.823876380920410156e-03 1.579952239990234375e-02 -4.609078168869018555e-04 1.988440752029418945e-03 3.693389892578125000e-02 9.135752916336059570e-04 9.128332138061523438e-03
-2.995193004608154297e-03 -5.673229694366455078e-03 -1.189327239990234375e-01 7.200717926025390625e-02 9.260940551757812500e-01 -2.255588769912719727e-03 9.259939193725585938e-03 3.111064434051513672e-03 3.343582153320312500e-03 3.091812133789062500e-03 1.314568519592285156e-02 3.196895122528076172e-03 6.785988807678222656e-04 3.823935985565185547e-03 -3.602713346481323242e-03 8.078217506408691406e-04 1.988440752029418945e-03 1.704454421997070312e-03 9.135752916336059570e-04 9.128332138061523438e-03 -5.483813583850860596e-05
-5.134105682373046875e-02 9.357571601867675781e-03 7.228565216064453125e-02 -6.985378265380859375e-02 6.546936035156250000e+00 2.424418926239013672e-03 6.546592712402343750e-02 -5.170464515686035156e-03 3.081373870372772217e-05 3.819227218627929688e-02 3.196895122528076172e-03 4.591703414916992188e-02 -8.569657802581787109e-04 -2.480506896972656250e-03 3.042161464691162109e-03 1.051425933837890625e-02 -1.280428841710090637e-05 9.472519159317016602e-04 2.849078178405761719e-02 2.462081611156463623e-04 7.905244827270507812e-03
1.817047595977783203e-03 -4.649591445922851562e-02 5.785524845123291016e-03 -8.811235427856445312e-03 -1.054210662841796875e-01 9.177904576063156128e-05 -1.054227352142333984e-03 3.080768510699272156e-05 -1.286298036575317383e-03 -7.080212235450744629e-04 6.785988807678222656e-04 -8.569657802581787109e-04 1.051425933837890625e-02 -1.279287971556186676e-05 9.472519159317016602e-04 -5.205124616622924805e-04 -1.086115837097167969e-03 1.114159822463989258e-03 -4.823990166187286377e-04 7.770657539367675781e-04 -1.273185014724731445e-03
2.018064260482788086e-03 8.319988846778869629e-04 -1.122268676757812500e+00 -2.870887517929077148e-03 -2.954368591308593750e-01 -3.425693511962890625e-02 -2.954334020614624023e-03 3.819227218627929688e-02 -7.080212235450744629e-04 -1.634955406188964844e-03 3.823935985565185547e-03 -2.480506896972656250e-03 -1.279287971556186676e-05 2.849078178405761719e-02 2.462081611156463623e-04 -1.086145639419555664e-03 -4.824213683605194092e-04 7.770583033561706543e-04 -1.130193471908569336e-03 3.250092267990112305e-03 -2.711892127990722656e-03
-3.587752580642700195e-03 -2.331167459487915039e-03 -5.272388458251953125e-03 -1.644535064697265625e-01 3.111000061035156250e-01 -2.529293298721313477e-03 3.111064434051513672e-03 3.196895122528076172e-03 6.786435842514038086e-04 3.823876380920410156e-03 -3.602713346481323242e-03 3.042161464691162109e-03 9.472519159317016602e-04 2.462081611156463623e-04 7.905244827270507812e-03 1.114144921302795410e-03 7.770508527755737305e-04 -1.273185014724731445e-03 3.250032663345336914e-03 -2.711892127990722656e-03 2.728492021560668945e-03
-9.028196334838867188e-03 9.224176406860351562e-03 6.259143352508544922e-03 -1.232099533081054688e-02 2.337554931640625000e+00 3.156326711177825928e-04 2.337718009948730469e-02 -1.286312937736511230e-03 -1.075416803359985352e-03 1.579952239990234375e-02 8.078217506408691406e-04 1.051425933837890625e-02 -5.205124616622924805e-04 -1.086145639419555664e-03 1.114144921302795410e-03 8.974313735961914062e-03 -8.682906627655029297e-04 1.033768057823181152e-03 1.257538795471191406e-02 -1.739268191158771515e-05 3.417491912841796875e-03
1.616086810827255249e-04 9.000301361083984375e-04 5.584955215454101562e-02 -2.089381217956542969e-02 -3.474473953247070312e-02 1.735970377922058105e-03 -3.476701676845550537e-04 -7.080435752868652344e-04 1.579952239990234375e-02 -4.609078168869018555e-04 1.988440752029418945e-03 -1.280428841710090637e-05 -1.086115837097167969e-03 -4.824213683605194092e-04 7.770508527755737305e-04 -8.682906627655029297e-04 1.257538795471191406e-02 -1.738336868584156036e-05 -4.720725119113922119e-04 1.510024070739746094e-03 1.217603683471679688e-03
-4.524178802967071533e-04 -3.259152173995971680e-03 -3.844213485717773438e-02 2.558612823486328125e-02 3.342933654785156250e-01 -9.304732084274291992e-04 3.343582153320312500e-03 6.786063313484191895e-04 8.078217506408691406e-04 1.988440752029418945e-03 1.704454421997070312e-03 9.472519159317016602e-04 1.114159822463989258e-03 7.770583033561706543e-04 -1.273185014724731445e-03 1.033768057823181152e-03 -1.738336868584156036e-05 3.417491912841796875e-03 1.510068774223327637e-03 1.217618584632873535e-03 -7.210075855255126953e-04
-3.132772445678710938e-02 8.029460906982421875e-03 6.088018417358398438e-03 -5.637836456298828125e-02 4.692687988281250000e+00 6.255060434341430664e-04 4.693031311035156250e-02 -1.634970307350158691e-03 -4.608891904354095459e-04 3.693389892578125000e-02 9.135752916336059570e-04 2.849078178405761719e-02 -4.823990166187286377e-04 -1.130193471908569336e-03 3.250032663345336914e-03 1.257538795471191406e-02 -4.720725119113922119e-04 1.510068774223327637e-03 3.139305114746093750e-02 -1.578009687364101410e-05 7.220566272735595703e-03
-1.480299979448318481e-04 -5.527019500732421875e-03 -1.037311553955078125e-01 5.587768554687500000e-02 3.089942932128906250e-01 -2.804279327392578125e-03 3.091812133789062500e-03 3.823935985565185547e-03 1.988440752029418945e-03 9.135752916336059570e-04 9.128332138061523438e-03 2.462081611156463623e-04 7.770657539367675781e-04 3.250092267990112305e-03 -2.711892127990722656e-03 -1.739268191158771515e-05 1.510024070739746094e-03 1.217618584632873535e-03 -1.578009687364101410e-05 7.220447063446044922e-03 -8.076280355453491211e-04
-8.445262908935546875e-03 6.767749786376953125e-03 1.028070449829101562e-01 -5.245208740234375000e-02 1.314437866210937500e+00 3.123492002487182617e-03 1.314544677734375000e-02 -3.602713346481323242e-03 1.704454421997070312e-03 9.128332138061523438e-03 -5.483813583850860596e-05 7.905244827270507812e-03 -1.273185014724731445e-03 -2.711892127990722656e-03 2.728492021560668945e-03 3.417491912841796875e-03 1.217603683471679688e-03 -7.210075855255126953e-04 7.220566272735595703e-03 -8.076280355453491211e-04 4.911005496978759766e-03
